../../.git/annex/objects/fZ/Zk/MD5E-s155021--4e26627b901b6083b2fd15c370165027.tsv/MD5E-s155021--4e26627b901b6083b2fd15c370165027.tsv